<?xml version="1.0"?>
<opencv_storage>
<calibration_time>"Thu 10 Jan 2019 07:10:06 PM -05"</calibration_time>
<nr_of_frames>10</nr_of_frames>
<image_width>640</image_width>
<image_height>480</image_height>
<board_width>4</board_width>
<board_height>11</board_height>
<square_size>25.</square_size>
<fix_aspect_ratio>1.</fix_aspect_ratio>
<!-- flags: +fix_aspectRatio +fix_principal_point +zero_tangent_dist -->
<flags>14</flags>
<fisheye_model>0</fisheye_model>
<camera_matrix type_id="opencv-matrix">
  <rows>3</rows>
  <cols>3</cols>
  <dt>d</dt>
  <data>
    6.8806100319870256e+02 0. 3.4110811995412723e+02 0.
    6.9340271770420588e+02 2.4278287794839196e+02 0. 0. 1.</data></camera_matrix>
<distortion_coefficients type_id="opencv-matrix">
  <rows>5</rows>
  <cols>1</cols>
  <dt>d</dt>
  <data>
    -3.9922680186098941e-01 4.6507020831252455e-01
    7.6113853234266293e-03 -4.7195063824688249e-03
    -5.8135176869183880e-01</data></distortion_coefficients>
<avg_reprojection_error>2.8832671688450290e-01</avg_reprojection_error>
<per_view_reprojection_errors type_id="opencv-matrix">
  <rows>10</rows>
  <cols>1</cols>
  <dt>f</dt>
  <data>
    4.09417897e-01 1.98966250e-01 1.58737198e-01 1.84920773e-01
    2.52266556e-01 2.91456670e-01 4.43744540e-01 3.18795562e-01
    2.38951266e-01 2.45959833e-01</data></per_view_reprojection_errors>
<!-- a set of 6-tuples (rotation vector + translation vector) for each view -->
<extrinsic_parameters type_id="opencv-matrix">
  <rows>10</rows>
  <cols>6</cols>
  <dt>d</dt>
  <data>
    -2.7603827556735960e-02 -7.4249341959698179e-02
    1.4164204047400939e+00 -1.2400433488115796e+02
    2.9307767975375704e+01 1.0248249896372361e+03 1.8200592259645632e-01
    2.9670033471401169e-01 1.3765333030061857e+00
    -3.4093753910291056e+01 -3.2362095004778034e+01
    9.8336062976608355e+02 -1.8790326457849735e-01
    -1.2586072621543123e-01 1.3849670646340762e+00
    -1.6241682553696236e+02 -7.0911332379970659e+01
    1.0003787149166303e+03 -2.1507399618413370e-01
    -5.0601928898913062e-01 1.4910228338686111e+00
    -2.1000386647122252e+02 -1.4323164199264696e+02
    9.7103967838717313e+02 4.4840672637419488e-01
    -5.6664646944137065e-01 1.6221776327216821e+00
    -3.7004236315127564e+01 -2.2868986151389831e+02
    8.5888552656716888e+02 4.0750975052766147e-01 2.3261229296433258e-01
    1.7237064983340986e+00 1.7260557222999481e+02
    -2.6483959242435878e+02 8.0310947364969161e+02
    5.4750356490163021e-01 -9.0640142945524207e-02
    1.7925271882066875e+00 1.7353304378061043e+02
    -1.8948163859637134e+02 7.4817397442576669e+02
    3.8665092870284729e-01 1.4849997951391414e-01 1.4778182997334690e+00
    2.1751247355757053e+02 -1.9430630724810666e+02
    7.5018121882005664e+02 6.5828856143491465e-01
    -5.7563572993621137e-02 1.8168486407879818e+00
    2.2181612744020015e+02 -1.8776293824079298e+02
    7.0404358085911974e+02 1.2187471939652744e-01 1.2201319864129638e-01
    1.5224461512758425e+00 2.0088109312316740e+02
    -9.9095037443244209e+01 6.8807611489405099e+02</data></extrinsic_parameters>
<image_points type_id="opencv-matrix">
  <rows>10</rows>
  <cols>44</cols>
  <dt>"2f"</dt>
  <data>
    2.57670654e+02 2.63214966e+02 2.62971771e+02 2.96197052e+02
    2.68204742e+02 3.28804840e+02 2.73854248e+02 3.60936920e+02
    2.44226929e+02 2.82119934e+02 2.49529221e+02 3.14962738e+02
    2.54952469e+02 3.47399933e+02 2.60897888e+02 3.79349670e+02
    2.25266068e+02 2.68209595e+02 2.30562531e+02 3.01024445e+02
    2.35919403e+02 3.33667145e+02 2.41800781e+02 3.65931305e+02
    2.11738907e+02 2.87133667e+02 2.17182159e+02 3.19862946e+02
    2.22724228e+02 3.52123535e+02 2.29042664e+02 3.84393768e+02
    1.93262634e+02 2.73045349e+02 1.98192429e+02 3.05950348e+02
    2.03855530e+02 3.38595123e+02 2.10014099e+02 3.70873260e+02
    1.79647827e+02 2.91932648e+02 1.85158539e+02 3.24828644e+02
    1.90903229e+02 3.57109650e+02 1.97054077e+02 3.89187012e+02
    1.61262177e+02 2.77739471e+02 1.66352264e+02 3.10744110e+02
    1.72258835e+02 3.43469727e+02 1.77969162e+02 3.75849121e+02
    1.48076553e+02 2.96588043e+02 1.53434921e+02 3.29436218e+02
    1.59382492e+02 3.61833008e+02 1.65572845e+02 3.93923859e+02
    1.29631470e+02 2.82414703e+02 1.34830521e+02 3.15403992e+02
    1.40667191e+02 3.47987396e+02 1.46987366e+02 3.80158813e+02
    1.16706612e+02 3.01300415e+02 1.22271843e+02 3.34170410e+02
    1.28266159e+02 3.66394135e+02 1.34750351e+02 3.98276123e+02
    9.88633652e+01 2.87042236e+02 1.04277565e+02 3.20049133e+02
    1.10057053e+02 3.52563690e+02 1.16473442e+02 3.84591187e+02
    3.17447083e+02 2.19626144e+02 3.23185059e+02 2.54510757e+02
    3.28881195e+02 2.89705627e+02 3.34341248e+02 3.24793030e+02
    3.04293610e+02 2.40439148e+02 3.09787994e+02 2.75316833e+02
    3.15120728e+02 3.09980927e+02 3.20709381e+02 3.44903809e+02
    2.85390015e+02 2.26846130e+02 2.90866058e+02 2.61039520e+02
    2.96095276e+02 2.95438629e+02 3.01707031e+02 3.30109924e+02
    2.72590332e+02 2.47134613e+02 2.77825714e+02 2.81137421e+02
    2.83258148e+02 3.15205048e+02 2.88750885e+02 3.49697449e+02
    2.54990158e+02 2.33628555e+02 2.59795715e+02 2.67203674e+02
    2.65188263e+02 3.00910736e+02 2.70614319e+02 3.35151703e+02
    2.42181763e+02 2.53568039e+02 2.47157944e+02 2.87039581e+02
    2.52702011e+02 3.20495758e+02 2.57965118e+02 3.54138214e+02
    2.25330276e+02 2.40166901e+02 2.30032028e+02 2.73091766e+02
    2.35219910e+02 3.06426666e+02 2.40467453e+02 3.39667542e+02
    2.13586853e+02 2.59548767e+02 2.18103348e+02 2.92434143e+02
    2.23330460e+02 3.25221039e+02 2.28461639e+02 3.58213684e+02
    1.97171371e+02 2.46566360e+02 2.01627823e+02 2.78711700e+02
    2.06612228e+02 3.11308777e+02 2.11815399e+02 3.43806274e+02
    1.85627762e+02 2.65398712e+02 1.90300522e+02 2.97792267e+02
    1.95318146e+02 3.29811859e+02 2.00470734e+02 3.61855042e+02
    1.70426941e+02 2.52487762e+02 1.74702148e+02 2.84228668e+02
    1.79370895e+02 3.16176117e+02 1.84444794e+02 3.47934479e+02
    2.30736206e+02 1.94215576e+02 2.36389496e+02 2.28017105e+02
    2.42254929e+02 2.61763763e+02 2.48422577e+02 2.95606445e+02
    2.16854599e+02 2.14012512e+02 2.22624268e+02 2.48061188e+02
    2.28544403e+02 2.81820892e+02 2.34841187e+02 3.15654633e+02
    1.97086533e+02 2.00355026e+02 2.02886765e+02 2.34021500e+02
    2.08490723e+02 2.67888733e+02 2.14660904e+02 3.02107605e+02
    1.83236053e+02 2.20162308e+02 1.88854584e+02 2.53982101e+02
    1.94754227e+02 2.88051544e+02 2.01255493e+02 3.22228455e+02
    1.63945053e+02 2.06283127e+02 1.69160843e+02 2.40084885e+02
    1.75017685e+02 2.74161133e+02 1.81377731e+02 3.08717346e+02
    1.49666275e+02 2.26288849e+02 1.55277588e+02 2.60392975e+02
    1.61210327e+02 2.94371490e+02 1.67472153e+02 3.28613770e+02
    1.30468018e+02 2.12324371e+02 1.35725861e+02 2.46220779e+02
    1.41494385e+02 2.80515808e+02 1.47523529e+02 3.14871674e+02
    1.16484764e+02 2.32311752e+02 1.21809692e+02 2.66425598e+02
    1.27828178e+02 3.00696350e+02 1.33958588e+02 3.34910736e+02
    9.76513977e+01 2.18473267e+02 1.02514038e+02 2.52506958e+02
    1.08191864e+02 2.86569397e+02 1.14336395e+02 3.20827454e+02
    8.35041351e+01 2.38442673e+02 8.88288040e+01 2.72703186e+02
    9.48091888e+01 3.06843811e+02 1.00974670e+02 3.40918732e+02
    6.49552917e+01 2.24574127e+02 6.98648758e+01 2.58671295e+02
    7.54482956e+01 2.92928894e+02 8.17139587e+01 3.26917755e+02
    1.95638763e+02 1.43295547e+02 1.96454056e+02 1.77794983e+02
    1.97463516e+02 2.12051407e+02 1.98540466e+02 2.45904587e+02
    1.79699188e+02 1.61569611e+02 1.80513336e+02 1.96321762e+02
    1.81587784e+02 2.30420975e+02 1.83093811e+02 2.64103516e+02
    1.61996719e+02 1.45181030e+02 1.63177872e+02 1.80130356e+02
    1.64117615e+02 2.14612732e+02 1.65686630e+02 2.48869904e+02
    1.45593887e+02 1.63659607e+02 1.46987091e+02 1.98492294e+02
    1.47968811e+02 2.33071045e+02 1.49967560e+02 2.67497803e+02
    1.28050278e+02 1.47035187e+02 1.29133560e+02 1.82439529e+02
